83 22
281 49
290 41
62 19
45 16
176 35
267 28
539 58
366 43
62 47
157 59
321 41
336 55
1333 250
86 13
278 41
121 46
53 28
86 25
335 112
613 65
421 84
119 36
409 63
160 39
433 53
129 35
896 103
293 31
379 47
324 47
791 87
231 31
219 53
547 66
166 53
59 10
199 20
461 55
522 53
171 22
288 35
274 39
94 15
62 15
137 25
161 57
10 9
336 43
263 57
147 50
214 25
279 35
44 27
94 63
281 79
320 63
493 53
334 49
486 53
69 7
23 7
116 39
320 67
47 15
170 27
287 143
235 32
244 43
241 47
173 18
329 33
185 52
221 54
403 129
107 12
283 29
121 17
117 17
149 22
157 17
189 31
58 43
142 35
174 59
333 250
703 125
307 36
134 15
310 53
315 59
494 51
594 61
189 31
379 61
409 43
1083 203
166 53
71 35
31 14
164 21
357 37
617 87
108 37
2339 334
63 19
110 19
219 23
296 53
104 37
79 35
221 29
172 29
200 21
316 47
483 145
127 28
149 44
143 31
708 101
570 59
128 85
309 34
263 28
51 8
1075 253
265 32
158 65
10 9
184 35
93 44
593 65
99 41
109 25
148 45
369 46
251 33
299 34
169 36
376 39
333 200
119 23
256 49
144 29
94 25
243 67
236 63
134 31
354 101
29 25
71 40
60 41
140 27
51 28
172 41
212 29
145 49
270 61
371 45
89 18
19 16
491 73
229 39
276 49
64 33
57 35
131 38
136 41
256 37
887 115
313 82
290 37
71 36
197 42
129 23
566 61
149 32
145 17
107 39
30 23
52 41
537 67
89 78
399 50
677 131
104 49
109 41
74 45
200 63
459 50
371 44
30 19
483 145
386 77
157 32
61 33
1353 145
495 53
202 67
156 35
417 44
173 31
329 36
191 21
392 43
25 14
412 47
315 44
335 47
391 57
179 18
561 67
413 67
288 65
499 100
55 42
218 43
257 55
163 39
691 74
491 61
257 50
145 41
120 17
131 44
68 13
223 53
84 41
477 74
37 6
56 13
89 48
3499 500
213 25
1939 202
295 31
95 22
139 27
219 28
28 11
1288 143
167 54
1288 143
21 5
219 44
453 103
233 50
49 8
239 32
117 56
241 46
337 49
236 39
350 47
503 63
164 17
336 55
474 55
249 52
168 37
408 53
245 27
439 52
202 25
520 53
164 21
175 33
57 46
70 43
281 53
145 46
216 35
38 11
262 63
311 40
336 67
131 15
289 41
604 63
25 16
433 45
809 101
10 7
167 20
153 107
261 35
286 63
377 56
243 29
111 34
441 67
125 33
367 46
202 25
1587 167
443 52
633 74
171 64
71 36
828 125
221 41
221 50
49 8
65 7
139 33
101 44
227 36
199 41
105 61
195 43
185 28
367 46
98 43
3007 334
39 38
7 4
326 37
59 16
415 131
493 74
164 47
52 25
197 43
117 31
499 104
52 23
242 27
209 49
32 29
439 60
436 57
341 51
227 38
75 22
227 25
189 41
34 31
103 20
203 65
314 39
313 32
48 41
418 167
419 84
290 43
367 42
140 29
222 49
121 24
1001 125
22 7
601 103
104 37
57 28
183 35
298 45
193 41
183 91
193 36
85 26
260 69
330 53
200 43
325 48
194 41
461 50
77 30
277 29
349 45
195 38
15 4
769 77
327 37
125 16
1183 204
194 41
130 21
245 102
417 67
278 63
613 66
291 32
53 22
125 31
49 15
302 35
154 17
142 41
292 59
249 38
131 31
147 31
64 37
97 57
454 95
214 39
162 31
379 45
157 41
208 125
928 253
456 91
223 50
389 55
287 43
117 47
20 11
94 67
277 53
272 37
157 62
59 41
442 131
48 43
377 41
405 101
167 68
293 34
147 32
135 38
157 36
90 53
146 45
384 101
457 47
434 45
419 54
206 109
241 36
229 38
157 24
103 11
167 38
88 9
175 33
8999 1000
419 42
22 17
67 34
213 53
46 27
133 22
223 26
284 39
421 57
279 49
71 38
277 64
274 39
8 1
218 23
161 61
181 24
131 27
234 35
59 8
566 63
137 38
209 30
157 32
351 40
32 9
139 29
117 17
509 63
85 31
199 27
395 48
99 38
281 51
175 33
169 20
295 51
828 101
409 43
187 104
752 167
444 73
169 21
69 20
168 23
434 47
288 49
220 29
17 4
47 11
79 13
213 29
127 37
147 29
407 64
397 44
502 53
471 74
45 34
446 47
36 5
83 17
43 13
178 31
371 52
2499 500
387 53
277 36
312 43
1447 201
124 21
680 77
149 48
337 35
173 29
358 59
433 53
410 47
255 62
277 30
299 59
103 12
268 33
388 39
336 55
834 167
122 33
238 29
231 43
323 52
910 101
349 39
113 44
67 46
347 57
154 51
199 43
229 125
114 59
123 28
461 57
169 95
417 59
36 11
211 100
223 50
218 27
197 42
229 28
72 13
755 79
58 23
314 43
307 36
122 65
288 65
385 39
189 41
200 67
127 41
403 129
152 73
643 67
16 13
106 67
263 45
409 51
53 10
300 31
459 50
221 56
457 60
166 51
113 59
397 46
103 11
218 61
464 55
67 23
399 47
445 56
180 53
391 40
1107 125
546 67
199 50
211 23
101 17
165 31
151 34
116 53
10 7
412 67
142 27
61 13
269 36
710 73
303 35
221 44
281 31
151 41
409 55
47 33
122 25
211 24
73 72
1097 131
413 127
505 53
137 41
238 33
19 8
119 43
218 37
553 62
64 37
44 21
273 44
87 38
32 19
113 112
97 21
74 63
179 66
217 60
41 25
599 100
295 41
234 37
12 11
149 29
577 59
183 34
95 59
919 96
809 96
131 62
293 68
183 29
469 69
114 37
19 3
166 51
235 32
229 51
159 32
15 11
374 67
250 33
70 11
182 47
139 19
266 27
311 42
41 14
111 35
293 44
120 19
459 47
517 59
145 41
238 25
89 27
136 47
639 74
421 47
215 22
166 35
557 65
155 28
883 126
127 35
94 25
501 58
166 37
314 39
61 23
153 20
163 102
230 29
253 43
473 51
237 26
576 67
103 56
235 59
3999 500
35 12
76 13
203 60
653 68
285 56
379 44
369 58
307 92
320 63
83 24
112 29
134 17
683 128
75 59
59 32
216 35
68 47
381 47
552 85
351 55
1733 200
283 32
97 48
302 69
96 11
383 46
122 19
211 23
176 41
86 29
485 57
119 54
236 37
119 41
191 38
43 18
65 18
435 68
92 29
232 37
418 73
274 33
323 36
320 67
244 25
8 7
51 26
382 59
441 67
122 27
103 14
173 68
169 17
126 29
58 9
56 51
530 59
423 49
266 51
251 32
120 19
393 53
180 41
211 22
587 84
295 34
198 41
349 63
229 51
99 14
667 334
676 69
101 60
95 17
352 41
237 46
131 19
173 21
423 44
354 41
696 71
167 20
299 128
117 38
105 16
874 125
81 20
343 46
67 41
567 59
812 125
121 27
92 15
1504 167
757 77
178 49
10 9
184 25
107 20
283 63
307 38
228 37
131 44
83 77
921 127
192 35
149 18
157 100
251 46
212 29
101 11
204 43
49 36
805 87
109 28
19 16
279 59
271 51
191 35
183 55
425 44
134 19
246 107
68 11
263 41
370 47
60 37
184 19
401 95
107 27
53 18
59 41
305 46
509 52
281 54
155 27
367 107
233 59
360 53
311 54
231 61
157 60
343 45
266 27
322 51
122 69
139 29
227 45
599 100
84 29
23 4
565 57
274 29
136 47
223 78
291 47
407 41
41 29
143 45
35 13
583 92
83 41
11 6
96 29
79 15
547 67
157 16
133 32
205 32
2999 500
216 35
73 63
158 23
669 67
199 30
295 51
248 49
459 50
62 27
525 59
173 74
113 56
161 24
271 38
311 33
97 37
66 23
374 39
27 16
143 32
203 53
221 43
17 10
35 22
24 7
253 84
459 50
107 20
169 23
62 21
142 43
794 127
264 43
503 88
365 38
92 15
187 46
199 47
1201 131
8 5
185 28
90 37
515 54
188 25
608 115
144 23
103 21
255 43
571 143
310 43
59 11
377 43
191 30
254 35
111 41
59 7
752 109
427 54
78 19
794 127
104 31
88 9
480 67
131 17
185 19
64 33
551 59
56 9
112 17
241 59
141 32
133 25
151 23
347 37
145 39
95 16
215 92
446 57
224 31
371 43
163 45
273 47
429 62
137 18
294 61
123 19
119 57
2385 251
1001 334
189 25
77 38
229 39
21 17
33 25
329 53
88 13
185 44
151 36
50 19
295 34
353 41
359 72
167 41
496 67
989 103
159 67
143 34
375 38
289 63
263 39
59 19
197 29
97 25
409 63
339 52
77 16
542 57
268 65
551 59
192 41
790 129
443 66
236 29
336 43
166 31
41 26
223 42
483 64
299 42
281 125
16 7
446 85
415 44
135 26
155 28
398 61
111 38
499 55
191 34
185 33
15 8
340 39
1 1
10 1
9999 1000
17 2
17 8
