Number 2 Jellystone Pond
98876654444555566655
87654333333556644455
87765333566356666654
87765366655355662221
88577665433333332777
88876664467872667789
88777744556654211177
98876544455666611677
99876666666777777888
99988777766667778899
1600 Pennsylvania Avenue
66666666212666666666
66766666212666666666
66766666212666666666
66766666212666666666
66766666212666666666
66766666666666666666
66765555555555555556
66764444444433333333
66766555555555555556
66766666666666666666
1992 Enchanted Forest Drive
88888888888888888888
88188888888888888888
88888888877777788888
88877777775555778888
88875555555555578888
88875555555555578888
88877777777666778888
88887887888555888888
88887777888855888888
88888888888888888888
7777 posthole puddle place
88888888888888888888
88888888888888888888
88888888888888888888
88888888888888888888
88888888888888888888
88888888818888888888
88888888888888888888
88888888888888888888
88888888888888888888
88888888888888888888
State of Kansas
44444444444444444444
44444444444444444444
44444444444444444444
44444444444444444444
44444444444444444444
44444444444444444444
44444444444444444444
44444444444444444444
44444444444444444444
44444444444444444444
State of Mississippi
44444444444444444444
41111111111111111114
44444444444444444414
41111111111111111114
41444444444444444444
41111111111111111114
44444444444444444414
41111111111111111114
41444444444444444444
41444444444444444444
State of Texas
44444444444444444444
41111111111111111114
44444444414444444414
41111111111111111114
41444444414444444444
41111111111111111114
44444444414444444444
41111111111111111114
41444444414444444444
41444444414444444444
Crater Lake
11111111111111111111
11333333333333333311
11335555555555553311
11335577777777553311
11335577666677553311
11335577666677553311
11335577777777553311
11335555555555553311
11333333333333333311
11111111111111111111
Shasta Mountain
11111111111111111111
11333333333333333311
11335555555555553311
11335577777777553311
11335577999977553311
11335577999977553311
11335577777777553311
11335555555555553311
11333333333333333311
11111111111111111111
