10
8 9 1 8
1 2
2 3
3 8
1 4
4 5
5 6
6 7
7 8
1 8
34 36 1 34
1 2
2 3
3 4
4 5
5 6
6 7
7 8
8 9
9 34
1 10
10 11
11 12
12 13
13 14
14 15
15 16
16 17
17 34
1 18
18 19
19 20
20 21
21 22
22 23
23 24
24 25
25 34
1 26
26 27
27 28
28 29
29 30
30 31
31 32
32 33
33 34
9 22 2 7
1 2
1 4
1 5
1 7
1 9
2 3
2 4
2 6
2 7
2 8
2 9
3 5
3 9
4 6
4 7
4 9
5 7
5 8
6 7
6 8
7 8
8 9
12 34 2 10
1 2
1 4
1 5
1 6
1 9
1 12
2 3
2 5
2 6
3 7
3 9
3 10
3 11
3 12
4 5
4 6
4 7
4 8
4 9
5 7
5 8
5 9
5 10
6 7
6 9
6 11
6 12
7 9
7 10
7 11
7 12
8 9
8 11
9 12
2 1 1 2
2 1
11 38 2 9
1 2
1 3
1 5
1 8
1 9
1 10
2 3
2 5
2 7
2 8
2 9
2 10
2 11
3 5
3 7
3 9
3 10
3 11
4 6
4 7
4 8
4 9
4 10
4 11
5 6
5 7
5 9
5 10
5 11
6 8
6 10
7 9
7 10
7 11
8 10
8 11
9 10
9 11
26 28 1 26
1 2
2 3
3 4
4 5
5 6
6 7
7 26
1 8
8 9
9 10
10 11
11 12
12 13
13 26
1 14
14 15
15 16
16 17
17 18
18 19
19 26
1 20
20 21
21 22
22 23
23 24
24 25
25 26
10 37 2 8
1 2
1 3
1 5
1 6
1 7
1 8
1 9
2 3
2 4
2 5
2 6
2 7
2 8
2 9
2 10
3 4
3 5
3 6
3 7
3 8
3 10
4 6
4 8
4 9
4 10
5 6
5 7
5 8
5 9
6 7
6 8
6 9
7 8
7 9
7 10
8 10
9 10
34 36 1 34
1 2
2 3
3 4
4 5
5 6
6 7
7 8
8 9
9 34
1 10
10 11
11 12
12 13
13 14
14 15
15 16
16 17
17 34
1 18
18 19
19 20
20 21
21 22
22 23
23 24
24 25
25 34
1 26
26 27
27 28
28 29
29 30
30 31
31 32
32 33
33 34
11 29 2 9
1 2
1 6
2 3
2 6
2 11
3 4
3 6
3 7
3 8
3 9
3 11
4 5
4 6
5 6
5 7
5 8
5 9
5 10
5 11
6 7
6 9
6 11
7 8
7 11
8 9
8 10
8 11
9 11
10 11