10
23 6
52 83 10 29 95 38 22 13 43 75 21 48 9 77 76 44 68 73 87 43 11 28 12
22 13 43 75 21 48
22 11
64 18 42 58 23 40 48 58 23 87 17 8 20 55 99 11 67 49 98 37 83 1
1 23 8 17 87 99 40 48 18 64 83
5 7
9 43 11 57 72
9 43 11 57 72 33 23
17 9
12 9 91 69 5 4 46 29 98 1 49 76 4 44 50 83 76
12 9 91 69 5 4 3 2 1
19 11
52 28 16 2 43 52 94 88 59 30 74 83 63 69 59 49 3 100 45
52 28 16 2 43 44 32 88 59 30 74
10 9
62 35 10 46 65 48 31 71 58 1
62 35 10 46 65 48 31 71 58
6 7
55 50 85 82 72 63
55 50 85 82 72 63 1
23 14
95 10 94 18 64 71 15 35 91 24 65 91 32 32 61 83 25 66 94 98 86 34 76
10 94 18 64 71 15 35 91 24 65 91 32 32 61
14 12
6 54 78 14 70 81 83 39 24 76 36 29 14 14
6 54 78 14 70 81 83 39 24 76 36 29
5 13
69 74 70 72 4
69 74 70 72 4 1 2 3 5 6 7 8 9