250
139847
831280
73984
627576
550
714637
824738
165992
264985
508811
360689
164824
715092
283116
627822
798877
89835
735982
439462
873156
841934
573482
648306
759938
54323
652670
810868
666024
533160
403341
122182
494868
611861
2559
800762
342901
939536
488324
318362
733461
761624
233774
821403
851029
728469
481553
414792
232457
820129
797614
333877
529
79006
910724
144670
989224
188056
305190
502418
37667
446176
852346
797056
491382
600330
496101
92230
373700
3214
11981
255493
260001
735954
998559
875594
823213
245594
870541
204025
794781
522165
981504
269385
427946
847993
102915
276975
785787
306591
752316
915894
421760
728321
126047
586178
634370
383943
143705
718055
977415
909049
618053
415098
699425
807723
675829
385502
624176
816041
576624
990094
751207
898489
567202
684314
718161
328220
730019
404685
53934
654072
758825
761453
322446
623104
206489
191420
771900
481765
255264
330732
458393
842676
673501
626602
682250
896484
693606
195461
32911
436487
886360
819864
414700
398818
769544
728533
924234
404829
48404
703554
448521
123517
462867
177697
524596
333469
131115
587724
472085
764252
988044
696090
829864
104817
32398
178447
918662
77496
584456
511413
709320
503071
998283
430054
708913
735534
984528
318925
154768
776244
576523
261611
772048
743247
665293
534071
961919
702055
626186
619352
7478
27476
122649
191209
457478
719233
325433
317296
773502
39713
940963
719776
5952
107790
930963
6715
98468
104946
156657
682203
268468
167347
643195
763692
342564
610729
990659
881543
259111
231023
611968
878248
611114
890550
603583
395301
992734
269725
572365
806087
590945
420611
43050
744695
282275
189292
931684
813917
360500
902164
850281
7452
600929
375577
18440
856054
873112
769018
911567