MESSAGE 29
0101010001101000011001010010000001010101010010010100110000100000
0100101001110101011001000110011101100101011100110010000001100001
0111001001100101001000000110001101101111011011110110110000100000
0110011101110101011110010111001100100001
MESSAGE 42
0100010101110011011100000110010101100011011010010110000101101100
0110110001111001001000000111010001101000011001010010000001100001
0111010101110100011010000110111101110010001000000110111101100110
0010000001110100011010000110100101110011001000000111000001110010
0110111101100010011011000110010101101101001000010010000000100000
0011101100101001
MESSAGE 70
0101010001101000011010010111001100100000011001000110000101110100
0110000100100000011100110110010101110100001000000110100101110011
0010000001100110011011110111001000100000011101000110010101110011
0111010001101001011011100110011100100000011100110111100101101101
0110001001101111011011000111001100111010001000000010000100100010
0010001100100100001001010010011000100111001010000010100100101010
0010101100101100001011010010111000101111001110100011101100111100
0011110100111110001111110100000001011011010111000101110101011110
010111110110000001111011010111000111110101111110
MESSAGE 36
0101010001101000011001010010000001101110011001010111100001110100
0010000001100100011000010111010001100001001000000111001101100101
0111010000100000011010010111001100100000011000010010000001110011
0110100101101110011001110110110001100101001000000111001101110000
01100001011000110110010100101110
MESSAGE 1
00100000
MESSAGE 48
0100100001100101011100100110010100100000011010010111001100100000
0110111101101110011001010010000001110111011010000110010101110010
0110010100100000011101000110100001100101001000000110110001100001
0111001101110100001000000110110001101001011011100110010100100000
0110100101110011001000000110010101101001011001110110100001110100
0010000001100010011110010111010001100101011100110010000100100001
MESSAGE 45
0100000101101110011001000010000001110100011010000110010101110010
0110010100100000011100100110010101100001011011000110110001111001
0010000001101001011100110110111000100111011101000010000001100001
0110111001111001011101000110100001101001011011100110011100100000
0110010101101100011100110110010100100000011101000110111100100000
0111010001100101011100110111010000101110