1000
98425710 62321355 71964138 -98191909 70227389 71907424
28196461 55753358 76641209 -40686386 26547220 72483923
31632990 42184527 13496813 -95705783 54428822 76224577
73757740 24687672 73621756 -71348003 14668906 92091679
8376675 82246326 63968899 -41474923 29397528 66268068
19208189 83154535 30543772 -81732645 41845228 50864974
48330505 36608447 71981710 -69967809 51019461 72722003
50727299 80421331 81605675 -22111295 76344382 94728351
79727262 35451130 87608473 -13894833 26373469 36383490
63230123 90346790 52238728 -81994573 49719313 92528309
25668211 5882353 81733452 -49206176 89362906 97670208
38735295 68428288 46360025 -25583636 89697211 96834921
5277095 53668150 13623426 -79341512 82405824 99114315
47821994 40852988 23964461 -80637610 8143411 22264441
55664979 5731169 45812953 -10718201 88724179 90694182
54018979 7520054 11545325 -15605587 14079562 67404350
74519707 17308433 75795010 -14511075 31745104 35587800
99503988 37192465 37930803 -50125104 48396062 56809826
11356486 61038217 8793710 -72218352 64474949 69555902
33401957 88503411 72596284 -63617969 47933957 67645119
98063778 37999835 35056017 -64324550 12429502 19821724
11255665 5483675 62360131 -95718113 42021608 51160712
6351307 82859056 98634493 -82562739 8801369 91286338
45902583 10592749 15593095 -70645196 64336616 95231552
51054587 76775771 52543276 -26844869 70018249 90761850
26026827 51927928 70669322 -25391456 27123659 50008316
23973214 32609393 87454641 -87870285 3693411 55987138
39065291 54351934 7359523 -78718284 53334010 68941406
43017578 77211494 97763686 -15738987 19192390 37509300
39932240 76721117 16214452 -44462910 95162712 99339976
35911513 25223929 9883785 -33587545 23637559 82324288
96186666 89212612 31709688 -68534436 84744510 85486818
46545949 17804755 43045642 -73332073 33144870 98178500
13802059 55940298 60020115 -54232418 64429796 70298469
55301312 88083048 2657944 -88043971 10434760 83434528
5608185 38615780 91765401 -35150083 30097004 96743835
42254090 12897711 20447733 -32300612 55681811 84436491
6759834 26951993 83915244 -58928160 91368017 95025048
94155607 17504186 54133805 -98044560 27565484 47089441
68247471 50823537 23265921 -58504237 7378337 25125065
62418758 16436983 42296596 -49051278 55956828 59397408
70500000 37889099 46497287 -10256422 95913876 96067812
20071034 99594774 77393123 -12046704 26523777 90788644
94539970 48447884 88792026 -10569050 37261472 73960557
40729899 7868720 11525808 -56832496 70760287 76523775
67936684 46743279 64346642 -43852047 2030244 80558039
32129196 87263644 45609046 -31468149 82542192 92979589
66962877 54743415 47826279 -65924435 24486246 57034089
572931 64465534 72987644 -11625537 4285376 82877321
4895732 80619703 25913199 -86926459 19602848 55609553
915408 50187739 53346309 -75672956 82129455 91253710
69313222 19710819 22571317 -7553645 3064574 24590465
39264421 49382219 81909645 -28862022 80292844 96742455
88521829 90701014 70496885 -41410020 18872180 39741191
42576751 39531022 92467128 -71182280 69842756 77968346
8911990 94058045 4448113 -44656669 8982001 21847777
90662997 69737088 90667824 -34014729 66596304 90816920
51072581 63467412 89744074 -71885665 73572660 92529251
21841315 34212469 56314678 -656905 86716539 89951558
82906132 24066010 71196011 -84278323 69067468 82749681
73577377 84015815 80048384 -75108557 16789966 68891594
2771419 73719694 34081735 -52610679 73950961 85959280
3920486 60520007 10846042 -72198365 57769640 82261559
64840353 65405699 9496466 -23547918 19703159 25010168
58393398 63094681 86169863 -70198538 99140681 99391022
2391241 89952167 31511212 -52923477 35835354 97726320
216178 1867260 96386498 -94515561 11012695 77837232
12670553 38953600 63042312 -54327373 94046307 94658225
9341905 34180069 99237531 -87861756 7566162 68872960
59240628 67622281 51183497 -65332267 56927959 88633988
77754861 40490003 48677014 -68503709 35377655 59641091
24390784 76652267 50974504 -97064651 41434865 97195431
84829390 61961081 35301947 -83750066 74621255 98935426
5224518 90863862 69177853 -5582476 96491769 99911157
27270283 97879194 52886828 -30782540 9991294 42239094
92445626 30462938 26608127 -5649395 67648846 76990952
3253263 46272195 7193545 -41250472 31414160 61068057
651230 48190840 18905707 -38999802 79604316 98585168
9856724 65747443 69263001 -9740585 62214584 86372962
33099825 42457073 71369604 -10067618 9699295 26672583
6723584 40562776 45805110 -89300059 84374441 88295848
62457691 52738305 33561644 -12405795 52149882 73578370
27114721 44325808 94088802 -79632448 36869823 42978714
91937073 99093677 43866963 -88652376 83816687 84086453
80113201 20470370 47894043 -95402316 3794725 15632557
28524761 42587812 13043402 -95902810 37722083 63743747
84711055 29787784 44622803 -23275935 84077383 90379670
51659839 17729291 29015032 -86727230 70310696 98398367
7858111 56794612 51576267 -56891776 44067961 79030084
96754507 21723789 72762739 -63825207 72608761 76083662
44274962 17597370 81690570 -38895898 98123930 99676454
93362074 38407519 57137427 -23439428 23973146 38456142
75929933 72168665 65683649 -38493809 40542105 63028498
2581331 27167904 56769036 -69153717 20030993 78071575
83552361 13578080 8600807 -51661704 64784049 79911904
87446713 18974985 87967262 -53579628 23696075 48779202
51402407 85725028 4156858 -29226463 52914111 76366896
23588794 32838306 22607530 -90689789 89808153 92903814
9740048 69499775 10057844 -15465151 99517081 99967216
15359806 56570563 79468360 -76185113 99976743 99984011
97033726 75052613 1645441 -16691200 50085103 99275408
24904047 25680590 30334025 -57286838 14620861 39870659
95921671 84980205 19742345 -15485782 83961093 89129287
48313196 83534785 86398940 -6723298 3981496 5735254
3286634 9741946 11487117 -1799461 56398620 98908975
84041703 14617359 93107994 -78435248 59043698 67434026
35527405 42498094 30232083 -7090380 33145847 37780770
34167579 10786293 58539591 -54652427 6840322 48529802
45208136 35815391 12238037 -1981865 4183764 5174243
58869071 57863267 71785903 -35498003 62519604 95104159
34739172 67314707 83934698 -51613596 50846629 65827847
68647856 16712189 33507431 -73156380 42844011 96043963
96590706 15339254 73925979 -15926954 62525180 91163851
87364576 19152424 20936671 -12893848 42447759 85918835
87763296 29100713 8704291 -34566552 55500825 77692294
52062618 4619191 44078323 -72850379 35215779 96205713
58836858 50514634 60198307 -47896368 37181702 91845419
32841297 88425009 18701116 -73524807 8556897 9020532
4892471 27065260 86813708 -76820291 84109116 90890353
57699672 76792462 84939023 -16254560 68129216 80050381
86948964 46543938 67536588 -14663306 61575564 91746344
13307437 27520020 37917265 -7744983 64735880 72568776
88278893 25384118 70954449 -74310957 6543169 50478499
63069452 98208961 8791136 -34832214 93644452 96144719
20066197 92569870 27709717 -83121131 23774039 88582413
78635656 26420963 40933425 -10167482 99493429 99606377
75340471 30723765 85936009 -26813580 7681695 57672286
20168232 47952216 46728748 -35389607 87234425 89904509
48970455 64983835 24637461 -11609059 99385385 99979858
24213105 80601425 5530859 -63606350 91218875 93292238
94721957 28658302 79756572 -41331337 19796754 34236586
65932944 81375395 72811620 -87634253 90573092 94173856
77983169 82400583 1836269 -93001719 85290976 93534797
54744045 25017360 14377959 -34450397 79415819 85158819
4732881 20776065 12716910 -20647176 12612172 65767473
99059579 51059545 57755818 -9688517 5257483 54165482
63674847 66595999 61619241 -22609541 54135483 88065733
36876938 85292983 65437785 -8765773 78080544 93272975
9184174 29272799 98249380 -72584655 73455964 94532629
74356932 59613853 81663636 -93355375 26135482 59019395
37809235 88704898 82222105 -38936774 74496993 95775820
4327875 31647151 85750862 -23424186 32397121 36983198
70545342 60828292 34133870 -524889 34928617 87652951
90807666 42364845 714710 -35933309 27911177 46928505
46943974 4975705 4027114 -10344089 66658927 90475328
4172202 46107075 56015081 -71553628 44920993 46773703
65344083 46563327 87772603 -60726481 32509115 34917262
74508504 2981371 87740190 -70377088 43699685 89562460
66109636 11378893 61056707 -65662549 88905654 95214997
97976255 38556285 78384599 -86608487 22422989 73211781
51730193 99873827 24195629 -96995304 99520590 99994901
82661445 50082231 91601842 -10601418 99203307 99587656
68988988 71366067 58908822 -91805919 74263644 75739160
56441053 72163684 44909605 -34355914 19565602 51886637
44125664 58939081 90468921 -88251010 31877471 89239195
79787895 7873393 85297949 -53724260 91180906 94735993
62018387 96076535 25305735 -46428092 62610068 62793323
11229804 83740584 89038847 -67075329 80583430 98758259
14882844 5700904 95176938 -69537135 80035989 97948955
62337565 98861570 97717904 -6046732 23882362 57517263
14833160 81288295 84428306 -58672603 98070687 98176675
52651163 9572599 27606752 -19267935 5139619 22502677
67872515 78110633 46651503 -12021704 50569933 79502478
32864014 21691139 48967360 -24566459 42119989 73765655
44478861 30410246 31207488 -16061029 86628947 99355943
86870055 52273264 25727059 -49173121 89530223 94025303
53923789 17440815 38618927 -72535156 24793530 82164649
49938726 72151172 34185800 -90821242 24648812 49699329
35810275 17812566 6744992 -60567182 33868106 58259671
91317959 49206251 42014809 -55388613 19408350 53293259
23037681 17458462 96937189 -48192544 26853307 53269195
4975584 80399574 25778423 -58859923 26527521 26557199
5500028 71792082 1034982 -41923991 7768307 49265599
31974538 28023077 36558599 -22891278 15199923 73836050
33296238 67256763 26095104 -96646788 98710840 99582479
2137621 62451068 88984213 -44137329 84132051 99208110
42078695 81469521 34158670 -1209890 96480456 98182668
31192484 59863150 49064928 -77755422 56383010 83015838
61389097 4542110 19145305 -7519944 64438227 94417899
42497917 8976029 30702059 -45130148 21493587 75461343
79428290 56915547 92123671 -82761659 55998780 72576037
99737439 45763067 79596556 -54865475 35802517 91413795
84679363 21173327 19742962 -35559302 91248195 93773221
38626530 59456939 26496808 -14470657 21632943 91026092
86150992 96802393 18520035 -97460525 67653939 95008668
71714892 96821978 29326728 -7919952 20192182 50342432
29730655 87749961 49962075 -31065235 79680693 83815831
10775316 34749423 95707126 -21395110 51563123 85620732
78234978 42878038 88164775 -85438444 50348569 74874483
6055908 93669974 83731137 -16023518 18075699 88598897
7217201 89046544 42561226 -28137634 40367858 60017093
40832534 26094663 19577042 -72303725 54632000 87160237
87439269 25559749 13906822 -51251425 97457143 97948271
43233566 35786283 45639522 -66164093 81218889 91122818
78138898 87089649 41370685 -76287829 39799227 76004464
85219095 63630133 22333046 -81229104 48876922 52567751
42819436 29943892 62764237 -69566763 33312003 62368888
30881992 16214232 50568725 -15871834 90804756 96789841
21263139 53674653 58472714 -25962859 22509062 56589656
72898339 12445484 60128615 -7009996 95063194 98555945
47816046 36528870 82565583 -84411073 9197445 61645824
56989855 82219796 21759164 -65356856 4503321 97887865
96715344 39119086 1846966 -3528975 42107670 84700084
39671217 69230470 87778060 -98967219 23078237 81538492
60327744 15948082 65267319 -50025976 83773746 86019353
54340189 67440621 47336514 -93422614 65608108 72996783
25640053 69049406 12152836 -36261245 58578603 92576771
74928742 57561804 98201534 -17878698 30353372 65541249
8190810 82009752 98119088 -86378341 57852998 82177177
64868445 6072408 87020527 -36451793 411157 7628303
30854428 86018114 72320679 -12886145 84263589 99461425
82033586 44875788 54503118 -24050418 90985028 94932205
97487086 32340527 78848798 -47371931 58448608 67250438
77610618 64639527 40802829 -14761548 54988437 81856327
8416079 77748058 78623702 -90223974 85957083 88772250
78502718 29173616 59603815 -49280218 39227322 60403504
96102172 30929720 96039337 -24807341 92020377 93620553
78913346 51896727 37015606 -35625069 47567531 87865940
25027068 58800799 86902470 -81478049 75532321 87714463
87162925 68506220 33351377 -94511269 16027828 58191694
99955710 11871032 868816 -36137121 11836989 78125155
78577833 92408833 22213016 -27256202 37649474 75006129
61195967 97465952 72613867 -86717453 46520737 79451878
94451124 51285533 92028792 -19972138 92278448 94393880
14325673 8598691 21386219 -69062906 69377827 99487572
609510 74355287 60287236 -83054149 38056617 50883308
45079860 4668319 68376399 -51100292 39066625 47496718
77031311 30469032 50183340 -19600284 7453237 85866285
7688537 37914835 95494324 -81021499 44695953 49918537
52245246 7106431 73240990 -20405015 21078388 68608597
46928118 26689738 67683699 -61384286 40678924 71008894
22900043 69664469 89698072 -96545886 87305070 97838020
20497172 93105035 23811777 -76606709 75664155 94513985
9930070 49118372 81038452 -83337112 94886835 95705164
29049902 8502500 8458134 -16271608 55201984 60258531
98152315 74201615 66027605 -81552875 29293028 92424369
36318379 25438816 68586180 -10973887 31025919 31771002
85915181 91693360 22956394 -43326928 51393812 52144439
71227191 19511211 75116364 -31134821 97427224 99110761
35579730 5217941 46520093 -61014018 69412357 93608768
47751897 18352082 49830107 -92273982 97173221 99197477
64149211 9152475 67857456 -77552574 11721693 87426161
16495241 58499979 82818747 -62670775 95767509 97682394
46272782 99805081 747255 -6496971 69098903 80355486
74552797 83608286 14851854 -81164022 73572981 95891755
19134554 10967582 45807394 -28891633 20459488 88477685
7212374 79581791 32574452 -64029387 10416165 43266587
80399211 45262971 87764331 -22538128 85879877 91262842
16379109 33735245 82352884 -10440888 96764087 99715014
56420659 56399365 58458223 -76960263 64876236 89229230
6340926 5946976 50874154 -5964123 99412477 99674192
88330221 80508510 10221857 -54501206 16442846 43818236
47586575 10034445 87263758 -72845237 37846851 43420290
38406176 17188357 50619083 -74490441 20263543 96216346
23861263 23207600 52522208 -24551097 90035569 95737571
58286490 22685653 30251110 -23297366 25794785 62558025
86492392 70459763 77490505 -50082494 43386762 59803595
84121795 98845803 50436729 -28342203 47579145 63792955
93240721 69134698 90340148 -81023659 37948503 78688595
31675829 42023793 67045105 -78763794 1183124 97857170
96529820 66662420 38743221 -81107738 14654431 92343137
56665685 56091269 10607522 -29447788 94563381 96141130
67879366 61585192 80413405 -44269309 81514531 84500489
22294373 32991307 21057046 -88497609 94450609 96831206
1715551 64499084 48618865 -92721389 45123588 53620951
76963396 62983852 8042790 -60984520 76500434 89636856
32454416 31415380 16553102 -31535858 23707315 24584617
90563147 54791135 94738061 -3941966 41495896 81493073
23851680 87299975 86110050 -40522549 61149006 65095575
27524096 23293859 84409410 -39073350 37796216 97972349
49085238 52177889 12644832 -67893699 99037023 99203147
48971943 39245289 4736128 -70521227 72511701 89262484
73884171 86193859 47711750 -33266908 35746247 95631420
34865009 31661845 34967549 -65299882 20544794 88089552
83240769 83398926 36556254 -50001036 7914177 49234943
99902317 89115141 5478053 -73622084 51672457 89337325
54839709 66786806 46297766 -38676035 70395067 99772525
44275974 21091889 78127361 -95354803 91255203 93830511
79311236 69232753 24275413 -24718972 25873111 47194406
32001633 14904397 69056394 -37217501 9943270 84886385
58762768 26491568 93938864 -93744992 64788395 86038875
25595930 57325952 63146576 -53090565 1910548 37766068
80766079 59290204 87951644 -18123356 20076923 71000367
26279992 83191570 91343169 -16930353 59682105 84674276
65074832 81804482 94834421 -67595089 19448744 82973234
73673255 65646236 98390825 -44291195 86531228 93483288
14819904 43438176 56510944 -75460179 30525809 40769788
48101948 74538931 19252268 -54333640 4707073 52435661
72777578 89826759 99529475 -49918685 41133912 60851252
92181828 652384 7578588 -49452130 19414234 72908091
86528382 17366934 12517670 -97591495 98390620 98809912
26244860 74024681 19072398 -84284154 84500635 90432379
23921948 93327013 96589063 -63062918 45953889 92394024
74464658 94560408 46432626 -99866928 86220292 95363536
52235968 20722102 13954464 -84478673 48893562 99007989
45195785 42445356 30792491 -12086449 16222713 47269058
764967 43641945 42901686 -20799219 80120792 95904776
20076989 44570227 37159799 -66317743 44080825 52917206
67297268 14598236 14592257 -21249883 61157864 75452832
1858772 41235215 78341380 -2284031 23204447 32928311
4036159 80712027 58783825 -81825476 3253762 47980952
50700742 24848678 3181116 -14666414 71896541 72886763
27993988 90190856 21622242 -67398686 82448337 83328175
2844408 9149596 30663698 -45874599 63594578 74363264
44735481 74549077 39057336 -71047767 4160643 67431610
14102171 33674884 11533904 -7643104 36999554 98354528
52569321 25403774 54221672 -34660603 69224672 78191976
3513542 13759016 33553795 -97746262 97830292 99140203
6884615 57432587 56271631 -66688493 44018356 67148041
89804594 11294850 55367976 -57129290 29350909 86390894
71301601 31208637 91725394 -64114533 62429350 78073226
14947020 25800965 57169614 -1131542 58604381 78550670
63653500 1131686 57242514 -76267793 46873823 90766633
35148108 89032159 33957669 -56232021 39445378 81024650
20539195 54553539 25074944 -38055908 29432049 73773609
30013322 89436245 29148360 -40876100 12000642 40644994
54283992 18449625 79079529 -49505155 82387333 85804951
35408122 55201651 12651618 -45446318 81095396 86244051
60618401 29617584 50217130 -87188438 30052423 66153161
44705981 86456702 48245862 -92319028 23469344 80131612
54232520 93387624 35873719 -1188035 10740198 81307677
46644618 48372955 70182164 -92202579 85266058 91703074
62586310 94208257 67123926 -78681357 89083125 97736321
75922641 17491266 98421475 -57581593 67314673 79823896
95953598 69225007 52217658 -42054409 84628604 84703258
44953989 13530746 65756236 -88095868 16132962 33465891
33650455 13098513 73105610 -95638987 82734951 83737853
1857648 48257149 8290423 -6061280 43366006 57455961
22746088 48812440 44729624 -40736115 28265515 81475366
20795346 81678607 83349616 -93093966 85534880 98918815
76277161 75100416 64088963 -43529577 71425963 89432905
76180041 93903096 25865461 -60928067 89504890 94954122
83084086 86375213 77753820 -64809863 38312513 54072558
82063164 58433373 35626450 -81021052 66993045 95629827
860429 55672248 82532445 -44120199 36336509 83137931
92168815 39491539 3509692 -98419747 3719643 33893835
97854308 75123378 44408472 -74002774 76663422 96115323
54578133 32156826 34905872 -65613904 35468981 86196230
36883273 61855920 75650205 -2464660 2151958 61041933
97977346 19666546 13022460 -51733213 14359363 96548081
57921818 59965660 49153712 -63599351 50001661 99972384
93668103 37171615 63597616 -11447470 84032717 85928538
12493347 1341596 52616806 -57491237 53415075 65179080
89198821 5554431 35780175 -36308542 62259331 86289494
34446036 29624004 93051108 -81096729 96053092 96653002
45511000 32608285 1528514 -59026708 93613308 98977767
97414764 42456375 54424532 -51737173 76909881 77662020
29904583 71943925 97853931 -38302807 83409589 91560439
9368835 67445625 87886734 -64155096 21456357 85000173
21911556 82430279 92581720 -18341572 57003456 64936292
29117970 56873935 75065170 -80776733 87498881 89659048
78327245 42792738 45025818 -33050440 5838622 61252101
58496648 65209452 50329615 -72890155 61172478 95099330
77183776 47183812 58070571 -10181980 83290208 95405243
67169543 61841991 97708110 -7889793 19835545 94137163
18360469 38107423 77625786 -25307050 99383994 99568298
44598451 29223817 52297471 -14554503 54355674 81364762
810985 23019429 89268926 -59509684 33883528 69159935
45683808 3724439 34546681 -54517733 93373890 93883943
23047246 70243411 90110940 -28073559 42021840 98882099
2941463 33012297 28701593 -83654794 56607201 61632961
64555328 88532222 76519885 -70183908 66314639 80043377
18798126 49655106 83984561 -2053586 83097084 97477098
1228596 62672078 85309145 -21797539 91427041 91906931
26686492 95884553 68742765 -65551584 33534154 89911698
87688626 44967496 57344743 -35337603 86976034 92069015
19093745 79099908 43834150 -65513284 53386891 78661225
3524528 89261730 58248810 -60748623 75436022 96229883
84564768 91689058 41930059 -76588693 5535051 97770266
9016434 60338777 90974071 -62701220 38974999 43308656
73884081 92124356 44198784 -24634880 37455880 61226535
88819171 57119392 69496721 -18364859 40083977 85924026
28258136 17044584 34994433 -38799005 38734118 92133913
79367172 53005075 91722799 -19170866 76272539 85286109
49292303 76163250 88710661 -22952629 69764235 82941776
77421908 81040232 52925832 -88366878 18888463 77529669
71904501 73347322 868961 -12233550 1986121 28223636
13218266 75254242 78631134 -23917729 279587 88460912
17040102 98089443 17796363 -70392789 3843084 63005071
42076434 22611561 27834821 -83436792 12051189 87507099
51150391 41850518 45907597 -32960753 34873625 60154665
63131063 82439297 23793269 -44335616 60082350 91647943
63869517 13378561 32641822 -9938039 72946170 73642095
12989554 92018234 10341375 -98258617 89249897 99331429
94172519 56113487 6514333 -29782716 96618568 98105368
5666519 98214613 6795675 -74123529 42468694 51025929
88519695 9166539 43528640 -33907353 75951793 82264805
98051672 35596339 43970983 -28717183 54692208 56745943
62090202 1116890 91354641 -17715435 90830022 92109528
52453428 11418841 7686903 -97800100 2927418 98183254
56180451 22996854 31213620 -60398260 95936836 97591655
44420786 57182043 94363209 -64052336 38103303 62864781
41190531 93341140 90321060 -91279787 86009989 88745442
25081143 65151422 95900757 -70946804 13792307 41740641
5344510 4054332 35023376 -5438299 83844832 96466144
92641870 46302512 78017231 -93765374 319319 42405536
94388165 21104839 76424806 -65650196 76739157 97814820
57488628 23589586 97554698 -70476796 30702850 58683403
26980318 8682396 6335920 -11392599 64669851 91045543
99473566 11255710 19998584 -96074515 67158328 80114300
4341614 49460061 51785289 -38707844 55464432 68744102
14521714 27092706 48545378 -94226265 3553448 45392129
60947266 46980659 91121070 -17174431 48578170 53626154
30593985 40126016 60528957 -99716332 30240795 53044365
65647887 18941437 13889393 -72045273 89810183 94619041
40330447 71140866 65863172 -14165164 83103065 95981806
79575243 22279677 30211582 -80805612 54389538 92702043
49357568 37782481 55380913 -35890021 78431349 97416438
8537395 92465839 43292431 -13969313 25335022 30460401
75278414 69654566 94547564 -12524209 99417127 99619854
53330342 30289807 90976875 -89873644 77839951 86427793
52774831 11906662 39999426 -22141340 48573783 71912208
61490959 29679606 38932597 -12549150 58656016 59954655
5035882 88242362 12705294 -55135010 13313572 82474469
18488651 9720997 69071201 -20432449 62047783 80662890
30886889 6096830 52272095 -44983146 9191146 81186660
85200829 93050122 52230832 -91756445 50862224 54570299
30528666 57923395 2013106 -81280208 66984937 81718359
91739954 61170401 23928166 -29893577 52605170 72417185
50706620 3095505 33869914 -33049353 15822777 76466089
35297553 14998690 96147968 -88744366 76139391 88943544
72414581 4871621 16127011 -14350500 84968345 88034113
1643261 76074695 36673468 -94454787 44716507 55763490
90898381 46187131 55080468 -37579247 1670204 85325383
36264615 80371499 30371025 -75312424 25527720 63931374
48759357 56728675 4419899 -22605421 1635256 17434519
31855987 42523953 4127705 -26612848 54805946 98455628
78368093 51812812 33055456 -62028961 92223735 95239042
73962657 3545640 48800505 -11603943 10734565 54178724
89583893 11032185 73469411 -84334770 16372874 30537326
96058725 19733984 7571167 -33307423 74015759 91622358
2935626 11448952 38394366 -7607048 57541649 73057268
39185233 4466985 20510637 -5083109 37923925 86789466
76954721 76306455 93717922 -36717531 2629086 89699544
89497426 97973992 19942449 -242974 86017446 97123845
11261307 5796686 9986235 -26530986 40853833 96164124
79667909 12916826 60354349 -72838408 46404636 81685399
24289554 21362370 83726519 -12675188 21992791 25962300
87064890 85746421 40142787 -12935469 56557456 85509404
6198499 79328984 23031317 -99801522 27161792 67606213
42972608 55304160 30384916 -30259376 32139107 83205526
33549812 93353411 29444849 -95016299 19481509 85643025
82843443 91015875 68117981 -50030870 27159419 78141892
2744022 48242293 80164582 -81291695 40506823 51731772
17669092 3280472 98266130 -54133489 994487 28480518
93991973 90134642 20918707 -42169213 1208148 67855438
91030671 88283996 59389772 -9442180 70404722 87683195
16758399 39859585 20602870 -74947441 83578319 97761262
5235404 88473908 3842866 -93210120 21658147 36854348
11149638 97471556 13857253 -64799767 20598779 25943989
53170075 88307161 22708568 -52851994 89213359 90558053
87627723 86531714 67237620 -36896646 58334017 66817969
80099220 12639716 10043925 -24278394 73139345 76733955
79718181 26645644 48481721 -57610909 24333325 82319750
21608556 52253861 49499376 -79127402 67546870 83125847
61039065 22083936 56595030 -19263516 31304084 84950321
20241919 7523797 39289028 -76805846 6778930 96293171
39013887 13003569 83077479 -15621048 34181023 84347669
14102550 17098670 88772824 -62194106 4955299 84303557
83041276 53854444 21585507 -97485153 32250920 59400982
15787274 23736301 21571841 -74184740 67688995 72008562
74679375 60996823 24671361 -89218058 65902535 66263249
59494747 24049656 6173157 -13916659 92389998 98575323
81563055 8371858 21964326 -47927188 99856547 99952649
87996644 52932072 5390881 -64632920 45544335 62116940
55307302 46258738 64256102 -57285781 11390584 53956353
79383231 66806112 90835037 -57531665 11704207 26390788
36560195 73718480 42425322 -67595381 13109459 52780152
76092540 12594882 7700227 -39796097 49647580 89822483
17654096 10265708 48983762 -22699917 35220989 50686878
75704917 1443490 98721101 -22180848 66263217 84414657
64963816 86626221 3249519 -52740026 72062819 74740774
74332419 47722284 4051853 -64098410 28189887 93754251
39115679 8129546 48750039 -59490181 61785975 82954019
19155189 84722392 46112074 -94090835 75086050 83459725
71601539 37352072 53430577 -78150065 16635854 53935821
26754602 28707972 85101506 -62888159 76629062 81268406
61137031 95067785 99591303 -65965585 54181651 65458125
58365580 32618530 91921355 -84946562 87940501 88149799
42263399 90379992 41198907 -43933766 97130346 97589068
12018208 49718537 30649975 -42425582 5106994 17216043
52227460 62098871 31316268 -3099735 11021472 79256170
94761388 15870492 72505947 -3005136 3813432 34624509
80084435 43996077 81866347 -81582850 35134101 83630878
75758922 56861483 77391639 -39759540 59828273 93499057
24253453 56509030 11794150 -22473007 32347652 82253528
93021106 34342216 77645592 -37497061 178167 24302747
11415792 76783908 67913274 -36116954 38483216 59177628
92882535 60441364 81542160 -25540002 18321847 88247305
40680999 47637808 65321184 -13068499 30812311 95015502
22059516 36997020 81361996 -91861697 5480899 80979123
12356226 54086931 91240019 -66105260 58955102 66397742
67218086 10600939 2517209 -7813192 3507630 97134241
80439256 23529027 47487414 -21218595 89300298 98962232
46456359 79280107 66250015 -26363822 72267962 96432871
32115886 92484765 72504461 -28362238 6364074 35840507
952509 40644219 58834084 -9846273 86489910 95634871
46077416 28994132 83965568 -22999057 91165531 98432057
13252420 34706358 4992685 -95638153 33375844 77720923
14384245 5330280 17467687 -39114292 57731397 96970240
91268638 7338265 32408121 -20028455 72999436 96247152
29886657 80634749 5643953 -53367483 74252731 77339882
4034938 2450352 87731953 -91708759 48605810 79073182
42874058 77394352 45269561 -28434264 25201693 50964439
36608480 82490614 22415724 -36895391 93406065 97584608
76659085 19371362 37525197 -21343056 84876441 85527726
47234179 77735438 8967024 -28030160 74305047 89894283
62213211 41665183 58556143 -29740623 71377532 90953277
59983565 75099236 74895954 -57323729 41223838 70158924
6755479 86024945 23812765 -65524389 32929193 52180156
10553074 76818769 52652123 -25097053 13276142 38541675
50356370 56348984 50380736 -71158216 85744140 94069535
81754343 88371855 39262498 -80942726 30030363 45563086
88153765 30498473 96607058 -29242412 74290690 79403114
18451797 33369152 39165644 -83169523 27436840 45087787
43688249 5119001 67800530 -60537478 60856050 83269585
99300395 40911540 27897916 -28809762 63722385 71219592
71150088 90105146 20633040 -59645125 71709918 79784497
64609128 8034584 22822479 -52660590 20651885 63541875
40990423 68659674 77090659 -80928961 31957591 96913333
56003441 6365424 80002042 -99396642 40029405 44040456
24384324 97590218 71421205 -60011118 10331988 10725047
14282525 77996382 53601453 -37732983 24158892 50080037
37443541 40552860 497575 -38310066 68709109 78579976
6964925 50833449 55866413 -9933581 32207232 85977985
35861949 4393316 29363817 -49588719 69041671 71175839
16488726 98306750 41759715 -93652047 42010056 94668670
64836803 85552943 19453589 -28360837 32690749 99793456
13880113 72333974 12746599 -96157714 18833349 83141065
67644112 29698086 97068238 -10257673 73795433 93363556
70926805 51806659 89005958 -3441585 38951624 75011445
39156597 63297771 64174487 -14085702 39355721 48564156
26490562 71623154 38504285 -68513031 56625953 78955748
77877802 70816108 72429279 -24310164 84113881 98150059
19565516 29420939 74904377 -44389594 78162983 90780545
41726167 65502224 34562062 -31078053 88104894 90862878
33036834 8664956 44191049 -47848598 16208550 64942631
48837963 35451871 34842399 -32648149 88906481 95916700
57816835 7627433 12181182 -79950702 41277245 67291262
85068156 39681354 22333461 -62224501 49154617 49899621
87133315 24048677 41745619 -28661946 25741988 68623552
84653465 81395757 26979658 -67693783 12800424 22881144
85217548 14897112 9605603 -37592220 88105179 97483043
39661960 97449913 29299212 -48645725 20869586 62461893
43487038 29650861 57976557 -42934509 92345800 99462283
67388786 74191876 39550292 -40309881 59145521 79979951
40540771 3901988 6117216 -58130675 38484420 70827788
22767700 30445200 1711806 -28670741 96232743 97964305
59882381 97838453 61002218 -22605952 96230713 98266163
85153263 98327601 31467772 -85027242 40867007 56771293
91259284 71287753 64871488 -27105684 83675782 93278332
75488742 81920047 25606712 -21641526 2123941 95925899
47853497 3510109 319841 -83734329 77464229 79415284
70909834 82491749 42845246 -92875767 75338092 87153928
72282535 91807968 40875411 -23738075 59728552 64387204
79244608 47052863 53057702 -98344809 79375 84871804
79466375 98272504 86675687 -80388875 60291131 66885367
15655090 24448204 83241203 -86116167 44444201 76167790
93889221 58616708 60885084 -48019092 40236685 64551809
87826158 21592 54268349 -4867965 62203572 88544592
82632383 21048532 62908070 -1322352 84930797 95355488
44642556 26071922 2577284 -14169221 46010710 92914388
63777273 46516533 79237167 -11477598 30907703 43421113
76204933 70888451 15421588 -31675817 60905856 72106683
82375185 74414257 41935149 -7469805 41773196 54410245
70321066 74094138 77150065 -75039390 87766091 96424336
93153165 39958644 98286004 -2172106 73366247 98473877
32268512 20342362 27209210 -44705301 36133146 59841086
70472916 20961507 13059390 -33320620 27895436 35189865
60660083 27103701 68158721 -91529717 12340 10149785
81782411 92592135 67118373 -59454569 90614115 95219554
42653784 85345876 33963160 -20274801 28770966 86644752
10897446 78982973 42760555 -210744 70820754 90853837
86533867 94351364 35170431 -96544831 68174540 74137642
1923098 10159159 97217672 -19052756 31568650 90921077
48849978 93733575 38310511 -50605066 93884552 96666139
13472666 21776702 21149069 -14581932 89441799 98988967
36836359 16903955 11945396 -6778991 11401469 94096995
26064361 73532938 58749458 -14018097 97101398 97936486
74743364 70808705 81274010 -11748574 32471910 55755432
33173631 9866822 30251678 -49254927 87030112 99693749
14998638 86695248 77043366 -89085988 58389088 93067515
68391682 43695478 46140186 -42085909 54998870 93070471
51775448 85985018 42740035 -10724221 5400719 19537198
77488449 10437446 35301265 -30763429 96253645 96753359
55580868 64020457 76633517 -48827840 96598820 98553515
34900833 15451829 26621058 -34994823 76267299 77062754
92886611 12520637 32215880 -53654194 18200941 90144681
29264790 83276549 25202673 -80795720 21124234 61642187
24610547 79021201 81929590 -94499073 96042477 99628271
2082410 11677814 10408807 -90312335 50203278 68864513
91416976 98390838 64798201 -1699937 90385030 93008618
17462882 37526742 53346437 -84790844 45796849 81802862
92339008 27707824 88672137 -57923566 33805697 46225918
69098780 34898081 6195338 -51313323 60652122 88635805
46136470 71346625 42274541 -6594046 47967590 71039933
93236892 88539810 54942296 -85736184 5142561 34520715
92087971 98065943 91079768 -74320745 70481803 80902955
53375345 17991331 50618079 -45458417 30875869 95413516
38575871 26205972 84279764 -42565000 2856385 66144001
93766535 69131875 42044350 -26213355 37017029 56403265
3858086 86794099 87691261 -51538039 54687926 66657061
24527972 40819642 25382910 -17019113 69452764 75672314
13830793 67424603 79429311 -76451576 7786546 35500249
1260810 74536085 2439742 -86739234 61146452 98439836
26371296 92219394 1520423 -82746494 56835274 86569217
96548505 4578729 711570 -14396470 74630112 98903549
41010408 4993189 51351130 -42803847 469881 51847096
29555726 45349670 53572737 -93449064 54552803 58794487
26218922 93937959 21945562 -81896374 58325451 74265248
23170184 80666026 68785387 -17680297 79552381 84296745
54502856 26707840 59538171 -15767623 75631134 97872671
95727905 17772263 27676095 -93168440 18440259 66167889
77787339 54727186 755469 -46229647 47344627 47518374
66334881 75863469 55857236 -16995698 45786422 52204469
2229156 94860757 79943296 -94549210 48603104 69287725
59145925 95432363 89281562 -18921115 56464676 67063261
32633101 5276530 59773740 -75146252 97427546 99594627
32684021 80631851 26703567 -77183825 37565676 60253702
52057516 40397931 35238528 -44257384 99152444 99282976
35381272 22098804 11281424 -93919446 9308014 28842197
81979419 97283807 92483381 -99720977 29963132 71899696
97995053 92313619 20088415 -49363769 34175265 62841802
32549942 52590748 69660433 -58919405 9208077 14122613
17400803 59574101 60712924 -47084412 15479543 44218999
1005837 35463848 67073493 -2167854 86813649 95774416
64485358 30041000 78911231 -14922387 62899806 84553717
9212973 87268399 88363607 -38468017 33164058 51821939
61462572 66570 70437487 -38142018 93265754 94026737
88603013 24016365 63329982 -29548956 64219251 91285376
20905458 83146313 63710438 -72479023 59955877 87466227
22424445 41657948 6204063 -96496235 64428788 94002070
20136890 67338065 97886573 -15343002 63750819 70340052
41264454 88099936 792118 -31024420 84159812 93005603
343411 59871382 63194572 -3371925 91830930 99489893
38208175 68878935 75874441 -40576854 86892425 88802549
29874520 85924247 97046068 -53852712 59829466 81488097
24787082 55858970 40596851 -72940636 4345906 16909437
55662264 28172849 40472879 -76213290 94450624 98052475
88028390 30139411 90312889 -91943517 24984396 34159810
85543856 22724219 54851063 -47858027 91134198 98520512
32452522 11550504 68432737 -11053435 93010803 93323144
97492433 65420360 78657254 -76059773 12596363 76812242
98775836 7680247 79307514 -36330241 30992858 44126171
59358979 30256426 68162931 -54438176 59798650 78321708
43360981 55317755 91025364 -24183148 19675381 41879563
64700889 58784407 14507410 -68745351 46994972 81286745
39117391 26514625 45218246 -22766246 73318015 80218283
46620442 45877690 62500524 -12246363 46979039 66309119
19589581 30157269 3576150 -38598447 38057800 84879807
22259030 23110767 73791090 -35923424 41502367 89598655
33381087 58009554 7738021 -52123011 14331133 70756775
45690692 26262266 78697417 -83049061 15055520 74422979
5847028 1626524 10576363 -97425813 62299834 92289856
6431114 28078386 47031300 -41365006 67803085 97532941
19148410 3356316 52615148 -22210365 91511150 95204425
4625977 21437757 78657053 -89169832 95435365 99015970
20296511 838924 7418305 -54381500 62681732 95952859
62205109 51437566 69312334 -14059914 90047567 94262629
49725744 79976690 4258731 -21218569 40530748 75588848
91886626 17674817 46377643 -44884576 56879817 57694874
50218668 66292995 55225433 -96122904 31997461 74496085
42887862 125382 92816532 -58667784 16849056 43711187
67666846 58911856 67149006 -86303174 23963755 34079303
73547559 3527478 85418745 -4815069 74276499 91302902
91186530 45082697 6323404 -22516187 98762245 99556627
66786443 66055130 65763626 -28865845 73061990 74246624
518213 26240833 5974517 -69109619 54285775 56694574
4430947 38320967 38981341 -77367655 42779260 80637466
93424291 39035712 62773821 -39117020 88424249 99359549
50897558 8376769 56424541 -24140268 48763757 89436626
54959237 66575322 59417935 -75034365 24839900 66005953
65582830 27383947 83773336 -76264002 7237322 94593534
4021805 6326572 75392626 -41161353 58752278 98973902
66526869 79005144 85881539 -95568018 7861719 94692641
10509002 91677867 7512472 -68019502 87439366 89206732
5515632 33321980 73832319 -8210751 1835613 81954041
18676653 54111544 15674977 -93363071 60571391 69147571
86760153 33212929 58206577 -71136043 63747312 71148170
38971602 62250155 37490698 -57677669 40279086 71300192
67638399 77629157 35477478 -19754968 19868153 55928453
81635692 82732094 78048483 -34815393 18279 30511863
20708109 92085140 1729754 -36144700 54419188 84928963
791876 75938371 78047674 -10544165 14827854 33101261
11296678 11934705 39562543 -51372261 58566375 80696323
97507928 67033837 94876710 -63292922 3488299 86288778
54446749 48632086 60069705 -29242282 74497192 99411200
94493396 19602469 96940278 -52253146 75373169 86918473
58843869 63181507 2201632 -71834435 8904253 62806695
43620604 85347840 71634782 -78251196 11446033 58848519
43575206 34357653 96597864 -39637514 46549099 55728473
60370629 8896219 81844565 -52434752 69890503 97087254
26165965 82033369 90139851 -90903568 85302104 93900182
96590389 31681165 74678984 -86820626 52271247 53676150
27312854 88079775 1008410 -16036933 39151958 41573547
64607100 63204954 49393078 -9130078 95908913 99328122
19081515 48807922 31940590 -73399371 15150963 77879344
11781506 71663489 29032241 -2091700 72312129 99578859
59057601 93799992 11665815 -22853954 64109952 98698081
14991479 88987814 52313955 -74520820 70044873 80752940
3038727 16232030 61161286 -2686720 33079364 83491896
19322719 27796733 8607324 -87988306 23317663 28756260
73327264 79418938 92401850 -4236568 10250596 63375341
84403425 69571443 79593727 -88770511 14876173 59356589
78531556 93316598 42689636 -66630221 49884456 90626162
25355021 4554521 26289703 -30026083 33421045 79387455
34005829 93094661 27433943 -41460518 96221209 99486905
43241092 84441953 69585662 -13774190 1827809 27036301
19656654 99647625 58412054 -64062709 91049285 91737966
32181922 88878380 56301858 -36252650 12845999 17375368
33816576 99040639 23076718 -14234815 49707492 59110332
26962152 6082068 80985541 -83613403 13741690 86241287
58233081 44390393 53386297 -54814517 24768127 66310414
15994184 86617548 46270994 -97666581 70507850 87892313
39943830 59560372 29918661 -1466486 45496092 89132241
89910226 47400302 91596756 -13513405 15802062 21788492
20906616 9303672 68690108 -1350416 24401768 64227672
25840900 80459233 1421978 -62412040 42681276 97534606
5725313 95115409 24135723 -82031443 59803049 85233554
21598588 57799060 19806574 -34099412 48488526 72232977
51660580 40060801 12117758 -75061109 35284583 98626043
92518797 19896267 48317401 -3045911 59906550 63146063
93336895 39223712 11613765 -21098301 23289980 37020940
26623012 90928515 88695454 -42748830 81228523 82652976
77155013 75174555 42896367 -25256131 40805296 77989856
61051610 78778953 10566633 -81174299 3306222 99837168
77391681 29985210 43551723 -52552070 80189888 84284170
94375655 92173171 77701325 -88836289 90421123 98753313
97316108 66822599 71593877 -33905032 47683293 76516694
85431428 40998035 53925757 -38755334 26484039 60655199
24375249 5031420 57217358 -93064576 85964460 90467459
9731839 78917954 31760623 -34668369 50504094 81253562
8597753 72870493 1390542 -4173744 35362381 69178906
49293881 99845640 83210233 -70365058 44178045 75337866
67838962 91696031 80527456 -48358478 914729 69188035
80881597 11640722 22848059 -58904917 51735975 91617286
92337074 24389078 61885831 -55802977 39443833 70338227
1199026 81601071 98442187 -55723359 13839686 79527180
24273221 9203291 64124400 -97211754 62166986 79792590
85477888 78878059 83836903 -94263796 83365182 85944230
25625852 97963084 11612597 -25375534 64080637 99095765
18189839 28888341 42654197 -56776766 61310829 71357927
19582502 24671105 29620909 -63749574 41455829 83064603
61273316 44111261 59601739 -16305966 45857921 63463904
97119658 47087928 10430394 -94519411 43254776 95259995
36300155 4352287 98771445 -8635032 26770548 56995510
21084087 29725706 47684902 -13570357 21126167 87514960
92417273 27619326 45285478 -25097747 80856807 90423328
35206656 71951483 87969834 -94093582 95859468 99223457
11683957 200193 17994110 -58658310 32123562 77358157
94952356 29524755 84636306 -34252966 45776122 95601485
67585333 21345884 6652606 -86547173 32542097 70546239
80957841 31897740 59299828 -57403302 44508189 93276445
1037870 64155733 87101890 -32991885 96002204 97402204
34030499 60985791 81227712 -85791873 31962675 52338924
11112818 59826915 2450445 -25211285 79067351 97558077
63280700 29869236 63989611 -20491834 92992394 95224090
74988741 77372179 67102510 -34845258 47553779 53394484
25931544 82016855 52280730 -31507164 43391916 69337034
13304370 95226128 53700370 -85371243 97741472 98667991
58698073 23125116 29737412 -92555479 82309777 90701969
3118201 44851679 60646099 -3812501 15185213 96589848
56350562 98546194 20849954 -84976286 64015796 64599824
11091446 49524885 29840830 -2172140 52628922 63246752
43174174 39531697 86737663 -44528753 70184988 71872547
74296031 83917535 90627308 -90530743 91436834 92758772
67509929 21147925 25586359 -33534403 26457254 46277423
95209562 41913535 46644033 -49624383 18240041 90327411
68409563 3722429 83958586 -88886621 4004630 86557439
40994277 21286320 97397071 -25973684 157200 41283690
16659524 68060492 64972074 -23890205 78185579 94839894
45067211 14431052 95828215 -57263535 77983337 81711666
20027029 2424101 83502075 -48710632 82088452 93579160
1253925 34286743 87005820 -89676955 17150802 31131883
4553726 56394853 67098335 -20404104 92863892 97879327
17478293 3899821 51287323 -12265459 61051605 65665111
40070185 43246195 34217720 -39065859 23218607 28968841
56976057 96772093 87900103 -6192287 20470565 90114587
68827098 48329219 98658537 -71575626 59290631 69151334
40429944 33202474 21859999 -88813671 6413755 42693858
21236701 86230242 50742860 -8735500 89348811 99466168
12209335 15273188 98494430 -24067267 71526991 87376714
62190630 44087237 51828257 -45286941 5356898 95213655
88057652 19947657 45559772 -71515769 67584228 79511414
5268024 52456072 49140521 -15360013 31415348 33834809
105706 65938644 33040244 -56647643 53185823 58404080
60370406 38496521 72704104 -18349332 39441534 99067580
37999515 25571559 45188273 -64665802 96841899 98786730
42917465 39001798 15307166 -32027678 53171724 65942354
52216175 67809410 98213883 -88998985 16026109 23871885
69710581 82924345 19973290 -30899554 16665865 82361645
37301524 92922118 90253410 -4149462 72570274 85470665
97918535 94554479 7322046 -8363446 12968897 32083570
48798575 52974387 57845410 -80244627 8930556 94714368
29362546 19387440 67485778 -41192898 62429873 74510162
28045748 45372791 35114334 -13788967 58390941 98289745
2375403 34968249 17910122 -34162948 8402936 91693038
13809147 19154012 68210193 -15616723 95180014 99522045
27982138 78632716 89400914 -41339868 10651788 24058846
8873295 45512700 28275085 -72924547 7762087 39879823
95997331 3066856 48190353 -78618554 13751970 60834820
43249834 75258725 91305099 -87517338 80224002 82252223
79856790 58985818 91580359 -19533335 39132904 94955217
33573926 36460100 12748812 -87029325 52713980 97381912
6599011 1987450 68881285 -3184347 65124346 89623024
80543184 15469149 18531186 -9886397 2299126 55957499
30384488 27764377 77899283 -79313047 9469514 99681479
72914188 13846005 62414399 -78154570 40393299 40427681
54288598 56362523 70135774 -71126872 13239825 94788488
77606696 82384864 62204751 -95173414 62067268 98876082
85826400 12052828 65147610 -51414358 43933848 64635977
90875951 1514841 24287427 -37002122 6088162 84188591
86765420 80636822 26176738 -1808584 88765706 88935207
5298503 4788685 97318651 -48209853 92445442 98402142
87255081 70635680 85193230 -58748073 96745859 96802332
11477224 28989037 61627289 -3420886 96405755 98203893
78149131 58816195 25905814 -42750801 50129779 54883448
1906291 20573268 60975714 -56278976 94799159 98295302
73620079 63886118 38079073 -20058266 2157792 39017992
77347112 33744395 17802379 -67124289 81274420 93848152
48762259 64945152 45656786 -57523096 8731930 67904567
73351275 20376960 41916154 -79680116 92671193 95662742
3852882 63406779 84725864 -2804948 6773324 66718053
26226809 36343123 45835212 -5425554 18442071 58867300
88287998 78610095 65265669 -52505975 51476331 96345130
83779159 72475739 17560857 -72084173 79217640 80705550
32933025 68219616 92912494 -60818467 18523238 97782481
36568479 61471418 73549342 -99787657 59142844 84665820
89725109 74765032 53629304 -90573712 5546042 24533633
209933 14478161 20992418 -84977264 59523105 88919477
61837257 19301713 75205825 -17272516 29719447 91112264
18403935 2928455 99239968 -97984883 8603810 74043596
26561827 92176705 74924376 -64744243 15341927 32468429
79918364 22370120 45295781 -35489381 13966926 25529270
6293645 29263908 82511870 -78522611 96609262 97710909
50654934 55613681 37790102 -13672801 80063670 80675893
30590624 9785933 91658687 -29842950 26507749 53737120
14217104 92456363 17680385 -41904926 33812304 47500522
54262478 68969128 41920146 -89356925 82851788 90130933
91057029 62559260 62154150 -80163582 5975283 98203397
52785723 85282143 65726587 -15227270 96963332 99691016
67314231 96745613 805679 -56152014 5190185 21659830
7065860 77887286 52513141 -65206357 99338299 99736093
9868808 50054571 10130820 -203507 95063896 98675528
14665241 35187871 83640440 -66618935 79867637 93859060
73917156 97326148 3731872 -47567406 42649831 83189147
24087852 89983626 77812739 -61860695 97778512 99308548
23538401 48909606 51347198 -58549538 48912983 59820910
82559802 60750161 57109968 -90090782 48433655 84727049
84254721 30278748 9917812 -17233954 98447874 99182705
15967055 91937396 98535480 -68237763 474564 40581592
29499159 24904182 34375899 -89141858 76749524 80241048
22209544 48935734 75141391 -96254953 57516983 67590500
70189392 94673872 54687856 -47187432 98747802 99814552
56203485 55487719 14328526 -32752422 73704636 74099992
68266332 66469804 58907113 -13669217 72100637 98823292
16111354 2826769 8828210 -67699414 61899955 71365773
31091416 7199939 9589606 -13789619 82901704 96422612
6101649 10703523 8158232 -58832300 77138078 83177142
64006673 2651066 42897505 -93323969 39993422 77248037
51038229 80714215 95005514 -97719614 36193200 81448147
63146826 7969568 56064391 -19564531 46986171 49121964
72971657 51974434 12023163 -30127114 46703864 89484870
19752791 49393479 79617760 -60543706 88369880 98832522
8152632 48185481 49939691 -73392201 66276517 83407647
80771134 28050704 55852379 -22794646 17764221 37313145
46510285 93519489 37663459 -50958489 93334339 98109813
68434181 7204581 4520698 -22536314 22388822 59328620
13135711 72503373 89225405 -1037651 7200917 57290831
3800640 54269442 50554148 -69174026 8245125 61165044
83283830 16210529 60938413 -12557124 25006061 93471417
5896758 58235217 16851821 -53385360 5286572 89728214
28754269 13573190 55061740 -97118679 27473732 93068703
49133178 51831481 47770686 -54815201 31014013 33867351
34234655 72507189 73544128 -20634176 24499620 56317210
57082807 35827868 25924172 -16532693 74468430 84294272
97287346 90794811 77079355 -92621337 84648657 90498744
90490221 30309031 76243568 -74906667 70503114 83323885
35133286 41300324 40743146 -44833752 40300368 93817372
51543195 64578877 16979361 -84435084 26502701 98678858
65234310 30096674 17890540 -23965628 2142594 60562837
74972190 63540091 17417308 -37317922 40376552 81109436
4897942 49460748 28777910 -75613401 73061855 96469723
9453744 93961479 56556660 -47191841 9689176 50081345
47726288 20448507 79534062 -8492547 42201173 74505521
10078849 98986953 45845663 -45448867 77200499 80555534
21703374 1890187 90639941 -99099425 65053914 83833181
64307622 73556502 82292026 -26940238 87873970 99369477
15062877 34149711 71986642 -27574419 94934841 97288343
59866658 17100805 35863839 -79620473 46570650 95572291
71800884 86871295 23866604 -25463942 25017207 35646774
73455644 42937594 47068927 -39815631 64182569 83545323
8795951 90190230 69912972 -65395399 28347379 97349804
13914989 26239306 16948419 -31303588 62868815 75025349
90971398 48513616 39037334 -31370538 45846175 57431065
92666334 34257876 12442858 -72273166 78342952 96355337
19782461 64980831 8826123 -76449008 69278712 77881307
17773018 3684045 85186918 -69482737 48820545 57358311
43533480 43092372 2641201 -2035422 97522208 98133470
15877653 10584885 11261403 -63567918 16270695 51530993
85628122 79749616 96830233 -79799583 10183925 89159107
78559234 18304678 3278841 -43451833 86025674 90461874
8828129 21076955 42987685 -83450898 2718948 58660411
6312235 88030680 24401739 -11190358 95587900 99917328
89943827 18901693 43117348 -3154536 61670317 83700253
84385398 95416720 46490082 -51338623 32633611 86619417
70102295 1645966 32832551 -80318103 27501565 64637746
70128044 14723995 41547439 -41054016 15747834 22404189
70836686 58638845 29390281 -24794254 95714392 96843052
1276847 9379786 76982611 -28654777 9335296 51612278
25712920 31485740 87390666 -60235810 44541941 46415780
48776289 4671301 926464 -9232219 86437174 87728177
71057564 10136080 75383376 -86406566 49480662 84651399
36260998 14483180 53941233 -36168500 79843687 95774593
67573420 44669157 41407678 -49692256 51271555 78191550
31238499 49553657 27932200 -27040779 72927694 95866100
87226971 6571958 74653050 -74872601 84664115 99316177
80295949 49665744 11919380 -51396506 77034637 89358230
96764480 65411673 93962383 -32406770 50394017 79012048
12314619 56506244 17549437 -26263489 22049302 82138021
561232 88309524 1809980 -96050950 22278266 65456088
69711056 77616777 64825746 -93012270 50920049 62580752
71231026 20501408 34671704 -85568183 25179082 47429171
48134006 84927417 30507154 -6317329 57456287 89995592
96520724 65524791 17364813 -88606998 97810611 98547606
29831315 43804951 17973679 -32467403 39625182 84334775
5487249 53200202 89970111 -14516795 66960032 79877608
85061204 80364186 98079981 -30154251 57858653 60253180
5802165 62579560 21359290 -50934292 6667421 59629546
89457487 65982081 95615190 -72123040 89541985 92613783
67251570 55412464 53135398 -71416855 37256324 74261926
63168375 28520994 55460222 -60696393 56890415 86766667
24096716 73435539 31954630 -79214815 34829675 95234361
79873803 89708609 16381457 -94188131 75830326 97686385
40933405 59918749 86732661 -68466377 71943314 94523516
20446232 77438639 48622295 -54601616 28286739 64793334
93035877 82406586 90149069 -39665075 94642084 96147159
57055117 70447708 74051688 -9761450 99439007 99970824
52893609 59470884 11148363 -21191183 59891031 93918149
48925395 890270 84601516 -55156269 45041784 82771730
49746964 29545945 16796440 -23014831 10657044 48530698
10745418 67774854 6072246 -62274278 61818411 71810838
78400491 44545552 17886374 -82370059 53493764 55745023
78880028 1041256 20109012 -51091978 26219146 44748186
77440103 24965383 73097615 -54265385 25455370 40483537
49079542 62249760 57247878 -64630586 43496693 54717266
75203242 76553195 71297832 -52137893 93512436 95441081
92285595 73419889 8404741 -93123426 10086749 20682156
14448585 41383097 736775 -55774278 20365743 74827971
72419978 30497528 71026946 -74341585 37691360 61168604
13644683 38299121 87416734 -74813642 55651576 70206580
91702677 82245732 49350399 -85003929 17248089 61787342
4144460 39197221 42834276 -86713276 71004690 79869075
75080627 39045915 65802524 -35951566 15128133 23795313
98235187 28493675 3573104 -58000061 51292788 64063796
75758658 19162502 12564182 -90895717 92441679 92864117
93151263 3381883 71888087 -6946523 82559012 85060116
38609423 42465568 78651239 -45051839 21238959 75972959
609664 92108351 77455617 -74502002 39806597 83069399
97399208 43422379 28599177 -25851791 38680592 58616460
10275728 96502615 75875599 -38375745 74732508 93559193
5301625 96360123 83931739 -13179715 31911031 45661594
48789471 3374755 79295590 -32610229 34864525 36991601
6081418 26568611 68067353 -21206220 82403952 89413558
83580363 57148045 78687714 -21799351 11278887 27490779
45615745 20753020 19164633 -37899355 18958745 37054645
42671132 43223222 65844147 -25297549 12173300 44739047
80438 49663270 53630960 -81669768 33312285 55855916
78018782 98074703 96067105 -92332346 94042724 95495051
58163905 74417933 75615833 -7361377 1490398 83781619
90663744 37958050 49814501 -93874192 51053050 89764080
40081535 26107064 74783243 -75927711 27558561 46252887
61055645 83361861 53222463 -21433892 66430379 97674900
65948541 25699674 36005111 -93638109 84341544 97492966
87396930 50966149 3461189 -66649303 67281375 84815878
229427 48098050 340337 -27536730 67966838 72788081
28693110 88873235 15290685 -98589424 96232678 98817329
97517331 30372448 66761794 -14131347 9746898 83729599
77421232 44256022 59968141 -58145376 19625155 28223553
57806752 79776160 8566205 -97917750 99950366 99955485
49325625 75322463 6818814 -50694169 32721315 33462513
66708193 52082339 97249437 -65349490 73422603 92870710
74822808 51623950 1317474 -39412596 97481973 99766506
47713574 45100358 79852543 -78241610 86801018 96870515
7844992 28239208 21437626 -22184970 57940783 74587845
89656252 85920898 43381384 -58350946 81230808 81559466
33674305 30244244 46310849 -14989852 22053050 61072010
32919792 83505378 21875452 -32004409 73021953 77100965
57417535 44132771 47898765 -63967266 77117761 93809634
2734664 70676718 58049056 -10150666 47598370 71800292
89243802 82480438 77415327 -67059400 18469537 81818280
67062313 71384855 22150807 -55089448 49375356 58798340
11355272 67150104 63647250 -4184110 18109782 67836286
70101111 311846 15784866 -70386693 61861598 72549492
14883667 64714321 70105535 -52341977 41294038 74688510
50358888 32447746 47910198 -45112602 58317135 79883621
32502941 5525056 72101284 -98874119 34815106 48067976
94521933 70209938 64081633 -87543590 73708887 78047701
64521237 24989640 13374049 -62279279 60819287 80798344
5010460 84994922 38219274 -96848030 3490466 54556162
