2.283
2.901
2.048
2.458
3.701
3.602
1.719
1.343
1.748
2.708
0.812
1.030
1.455
8.770
0.213
1.195
0.954
2.017
1.985
2.875
7.336
2.242
10.747
0.966
1.392
2.759
10.759
2.220
5.090
1.278
1.568
2.003
1.285
1.778
9.655
2.192
0.679
1.230
2.869
9.728
1.171
0.561
4.250
1.449
0.937
23.570
1.405
3.427
15.908
5.710
1.560
8.309
1.039
5.896
1.622
12.521
1.422
1.704
0.565
1.375
6.097
1.657
1.928
5.007
1.372
3.101
1.901
1.123
6.329
1.928
2.368
2.876
1.769
1.197
10.665
1.083
2.150
1.022
1.482
5.593
1.558
1.288
3.470
2.309
11.820
2.649
0.767
1.159
2.139
1.182
0.683
2.540
2.401
2.465
1.299
1.899
2.161
1.342
0.853
1.475
2.281
3.199
1.488
24.023
0.231
1.417
1.478
2.807
11.856
1.311
2.278
1.228
0.514
1.183
1.516
0.893
1.880
18.555
1.486
1.386
0.959
0.648
5.389
1.524
4.835
0.528
4.495
0.990
0.808
1.578
2.711
1.831
2.137
0.869
1.980
10.452
1.487
1.240
1.542
3.867
1.690
2.861
2.013
3.347
0.540
2.793
3.240
0.868
0.819
2.929
1.993
0.618
2.177
4.371
2.944
0.656
2.348
1.931
1.141
4.467
1.593
3.237
1.741
0.894
0.533
1.292
1.604
4.774
1.664
3.861
2.248
5.305
10.096
2.159
1.653
1.528
0.861
2.015
0.507
1.035
2.165
1.908
0.929
2.935
2.597
5.310
1.493
1.573
1.998
5.974
2.790
1.336
1.087
1.167
3.264
3.103
2.051
0.402
3.080
0.242
5.446
19.012
1.927
4.329
0.774
2.310
1.583
2.259
2.787
20.355
1.247
0.804
1.291
1.490
2.082
1.602
0.601
1.643
1.865
6.108
2.343
3.085
3.192
0.768
0.821
3.829
1.295
4.465
3.070
0.756
1.560
1.923
2.041
1.576
0.551
3.468
1.557
2.885
0.516
0.737
1.119
1.669
1.428
1.659
2.107
0.974
9.208
0.779
0.815
1.732
0.463
6.861
2.153
1.632
0.600
1.422
2.468
2.607
2.852
36.401
5.609
1.022
1.288
1.263
3.295
1.719
2.690
1.372
2.280
1.290
1.266
1.434
2.813
2.282
11.870
2.912
1.341
1.299
3.662
2.113
1.560
31.714
3.219
1.893
5.081
1.263
3.465
16.996
3.057
1.377
1.385
1.810
2.957
2.166
1.352
2.951
0.909
2.291
0.916
3.586
26.841
0.855
1.904
0.852
18.974
0.990
0.811
1.167
2.465
1.151
1.351
0.831
0.867
2.951
2.372
8.458
0.853
1.238
2.312
4.837
8.846
1.595
1.863
1.024
1.412
3.539
1.383
1.227
2.277
2.013
1.546
1.778
3.455
1.809
2.540
14.497
1.857
1.696
29.363
2.389
1.840
0.677
1.098
0.821
1.298
1.048
1.339
1.504
4.280
2.110
1.635
8.079
1.836
0.709
3.390
0.873
0.727
2.165
0.632
2.285
1.987
2.218
0.994
1.302
3.683
0.963
2.347
1.930
17.456
3.598
2.949
1.686
0.866
0.933
1.472
5.466
39.395
269.948
26.641
2.843
1.752
1.939
0.532
2.020
1.264
3.765
0.770
1.511
0.378
4.996
0.896
2.711
2.187
7.009
0.338
147.242
0.966
2.127
0.367
1.699
1.649
9.829
1.422
3.275
1.119
1.047
1.413
0.853
4.321
0.849
1.497
0.589
0.811
7.302
0.788
1.276
3.566
1.898
1.952
0.680
1.384
0.681
3.465
28.260
4.329
37.427
1.120
1.306
0.836
3.482
1.211
0.626
0.330
29.472
1.399
0.418
1.198
2.907
1.842
4.413
2.103
5.902
4.008
3.210
6.706
75.840
1.431
1.244
6.614
7.231
1.610
2.063
1.048
1.881
1.764
0.936
1.932
0.906
4.600
3.550
1.383
2.395
0.692
0.820
2.677
5.134
7.916
6.908
1.105
1.009
0.397
2.086
2.668
0.857
2.281
3.728
1.361
2.839
1.388
1.381
12.373
5.848
4.786
2.228
1.376
2.041
194.420
2.899
3.607
1.786
8.096
2.287
3.691
0.593
1.394
15.774
0.871
0.682
2.274
0.497
0.716
1.805
1.616
3.630
1.270
0.663
1.443
0.912
2.654
3.891
6.845
1.414
4.859
0.787
3.106
0.864
1.496
2.115
1.439
3.047
2.477
15.696
4.179
1.190
2.051
0.766
3.354
3.069
4.997
0.634
1.446
1.994
2.140
1.091
1.080
1.088
1.290
0.755
1.544
2.412
1.671
9.931
0.971
5.459
0.768
1.809
1.051
0.647
1.247
4.063
1.183
39.129
1.252
2.188
1.975
593.991
2.834
1.954
2.298
0.383
0.349
0.981
1.830
1.862
2.138
1.624
0.571
1.314
2.456
2205.458
1.654
3.209
1.205
2.782
1.371
1.526
0.399
1.747
0.961
2.399
0.608
2.581
1.285
16.530
0.610
1.178
0.665
1.579
5.254
1.865
1.549
1.145
1.929
2.075
1.417
1.582
19.909
2.310
1.060
10.114
2.639
2.755
0.813
11.415
2.100
2.603
1.021
11.476
2.457
2.714
1.349
0.518
2.695
2.678
1.995
3.575
2.039
0.853
3.430
0.870
5.729
4.639
3.930
10.391
5.205
0.870
0.686
3.952
0.417
0.769
2.295
1.684
1.748
1.458
0.967
1.322
2.321
17.251
1.087
3.899
0.802
0.456
6.210
1.169
1.207
3.867
2.241
0.650
1.203
1.276
1.219
4.855
2.941
1.083
0.966
0.445
1.354
0.596
0.725
2.454
1.346
3.363
1.770
4.991
0.173
1.096
1.293
1.705
1.929
0.897
0.448
3.818
4.612
0.925
11.078
1.811
18.988
2.244
1.577
2.355
4.445
4527.220
2.140
6.954
0.919
19.951
0.949
0.862
8.526
8.855
1.779
0.707
2.057
2.261
2.718
0.767
4.177
1.039
1.825
2.249
1.148
4.270
7.965
6.174
2.665
0.515
1.386
47.219
1.842
9.168
2.243
1.595
2.621
2.371
1.343
3.621
1.097
2.556
2.566
1.664
1.982
0.825
3.628
1.804
2.278
24.781
1.078
1.927
1.901
2.324
1.147
2.025
2.130
3.253
100.966
1.110
1.503
7.240
1.459
2.043
1.796
1.317
1.371
1.219
2.387
1.250
1.717
0.829
1.783
0.769
1.015
2.134
1.366
1.345
3.715
1.020
0.536
2.285
2.404
1.885
1.341
3.514
2.908
1.037
1.332
1.902
1.884
3.045
1.972
136.912
1.267
1.085
0.876
5.847
1.052
0.580
3.219
4.967
1.906
7.300
1.103
1.159
8.717
1.317
2.529
2.288
1.184
0.922
1.307
8.281
5.619
1.514
9.514
6.784
1.019
0.924
4.568
0.665
10.036
7.749
1.734
2.088
1.729
1.606
0.717
7.845
3.856
2.291
5.024
2.298
1.124
1.153
1.153
1.085
1.337
0.618
2.195
0.996
30.620
1.312
8.286
1.104
10.526
2.231
2.101
1.989
4.526
2.274
17.414
1.224
0.878
2.055
8.324
3.439
1.355
0.879
1.596
3.618
1.829
11.335
1.041
22.380
1.509
0.529
1.388
3.135
1.637
2.043
2.348
0.894
196.362
1.437
2.420
1.440
1.323
1.067
1.000
0.328
0.846
1.304
3.517
0.586
1.758
1.333
1.698
2.403
1.524
1.443
11.317
7.929
0.905
11.622
1.574
3.290
3.571
0.788
2.109
1.341
1.505
3.350
14.916
2.301
1.487
10.950
0.851
1.902
1.466
1.126
0.875
1.234
4.543
1.201
4.047
0.836
1.909
1.483
1.925
1.749
0.624
1.887
8.734
1.092
9.288
1.050
0.769
3.609
1.429
3.100
0.970
2.559
2.415
0.571
1.227
0.592
1.561
0.962
0.841
1.471
1.709
2.886
5.431
3.012
2.760
1.577
1.764
1.506
1.553
1.902
10.275
1.517
2.462
1.205
2.943
2.269
1.651
3.648
1.284
0.824
1.365
0.812
3.558
1.965
2.559
1.776
2.325
2.618
1.366
13.004
2.796
2.025
2.089
6.275
1.713
4.122
2.153
1.368
0.281
2.762
3.490
2.160
1.890
4.055
1.282
0.915
5.869
2.301
4.268
3.173
2.019
50.151
1.868
2.727
1.478
1.304
1.890
1.086
1.926
3.503
4.375
1.845
4.028
1.459
1.188
1.371
0.812
1.862
1.666
1.566
1.259
1.960
5.295
2.527
4.348
1.230
2.485
1.122
2.369
2.112
1.366
26.222
