START 4
1.00 5.00 6.00 8.00
2.00 3.00 4.00 7.00
0.25 0.50 5.75 8.75
0.50 0.75 4.00 4.25
END
START 5
2.00 3.00 4.00 5.00 6.00
5.00 6.00 7.00 8.00 9.00
2.25 3.43 6.89 7.00 8.40
1.24 4.58 6.78 7.12 8.34
END
START 1
0.00
1.00
2.00
3.00
END
START 3
1.25 2.00 9.00
3.00 4.00 9.50
5.00 6.00 10.00
7.00 8.00 10.50
END
START 4
0.00 2.00 4.00 6.00
1.00 3.00 5.25 7.00
2.00 3.00 8.24 9.00
3.00 4.75 5.00 5.50
END
START 10
0.00 1.00 2.00 4.00 5.00 6.00 7.00 8.00 9.00 10.00
1.00 2.00 3.24 4.00 5.00 6.00 7.00 8.00 9.00 10.00
2.00 3.25 3.50 4.00 5.00 6.00 7.00 8.00 9.00 10.00
2.00 3.75 4.00 5.00 6.00 7.00 8.00 9.00 10.00 10.50
END
