16
1000 995 997 1280 1320
2000 1000
1495 1260 1140
1 3 2 4 5
4 5 6 1 0 20 10
12 68184 1043689 1289 293 5850
78 98 1 12 10 39
1111 2222 3333 4444 5555
76 67 85 47 321 432 12
1000 1450 650 3232 5353
1923874 2 333 5 7 222 -100 4 7 9 12345 -198 2 3 4 65 76 243 235 3246 1234 1243 234 4376 76 -191888 2 2 2 2 2 -2 2 2111 2 2 2 2 2 -2002 188898899 -1991818
1777
10 5
10000 1 5 76 -19993 3 3435 456 123 26342 -1000 1 1 1 1 1 1 1 1 34231 3245 345 7 7 7 88 -20020 3 3 3333
1 1 1 1 1 1 1 1 1 1 1 1 1 1 1 1 1 1 1 1 1
1919 2 2 2 2 2 2 2 -1988