10
929.088075527683 393.86632696500953 974.934373858906
857.6004376105276 757.3600634867232 1066.394482418506
83.0148188604104 777.16287332028 568.6939241717981
647.5894896926181 339.3320248352487 471.66167628972414
280.78875970781183 554.7029624468497 724.7573417561438
314.5598984767084 703.6499973503605 789.9907654496742
767.013804557164 746.4534770475198 1035.601791564373
251.40617758400575 875.4864132645216 1082.0489225697165
396.50373471386655 592.4066997416695 763.9232965333143
446.16505450231966 609.7499891500908 787.2283784149781
